1
2
3
8
11
18
19
26
27
28
29
34
35
36
37
38
39
43
44
45
46
47
52
58
64
65
66
69
70
71
72
73
75
82
83
84
85
86
87
89
90
91
93
94
95
96
97
104
105
114
115
116
123
124
126
128
130
131
132
133
136
141
142
143
144
153
154
157
158
165
166
167
169
177
180
185
188
190
192
194
195
200
201
202
203
204
205
229
233
234
236
249
255
264
265
266
267
268
269
275
277
279
280
281
282
284
286
311
312
313
314
315
316
330
331
332
333
334
335
341
343
348
349
350
351
370
372
373
374
380
382
383
384
397
406
408
409
410
416
434
435
436
438
460
462
463
464
474
475
476
477
478
479
484
486
487
489
490
491
492
493
494
500
501
506
514
515
516
518
532
535
546
547
548
549
550
551
580
582
583
584
608
609
610
611
612
613
636
637
638
639
648
649
650
651
673
674
675
676
677
678
681
682
684
686
691
696
697
698
714
715
716
722
723
724
727
729
730
731
732
733
734
735
737
738
740
741
743
744
746
747
760
761
762
763
766
767
768
769
772
773
774
776
787
788
789
790
791
792
793
803
807
808
809
810
814
833
834
835
837
888
891
898
901
928
929
933
934
942
943
948
949
960
962
963
964
967
968
969
970
971
972
975
977
979
980
981
982
983
985
988
989
990
992
993
994
995
996
997
998
1029
1030
1031
1035
1040
1043
1053
1055
1056
1057
1066
1069
1082
1083
1084
1087
1088
1089
1097
1098
1099
1100
1115
1117
1119
1120
1121
1123
1127
1128
1130
1132
1138
1139
1140
1141
1143
1144
1151
1152
1153
1154
1155
1156
1166
1167
1176
1177
1195
1196
1197
1198
1199
1200
1251
1256
1257
1258
1259
1260
1262
1263
1264
1266
1267
1269
1270
1271
1272
1273
1274
1275
1280
1281
1282
1283
1296
1298
1312
1313
1318
1319
1332
1333
1334
1335
1342
1344
1359
1360
1361
1362
1363
1364
1367
1369
1370
1371
1386
1389
1402
1403
1404
1409
1413
1416
1436
1438
1448
1460
1461
1462
1463
1464
1466
1468
1469
1470
1474
1477
1484
1487
1494
1495
1496
1498
1523
1524
1525
1526
1546
1547
1549
1551
1556
1559
1560
1561
1563
